3.489999999999999858e+01 9.337517600000000913e-07
3.500000000000000000e+01 8.915258100000000903e-07
3.510000000000000142e+01 2.733081800000000189e-06
3.520000000000000284e+01 9.645654900000000124e-07
3.529999999999999716e+01 3.699131599999999833e-07
3.539999999999999858e+01 6.124798800000000305e-07
3.550000000000000000e+01 4.654993400000000735e-07
3.560000000000000142e+01 4.398972499999999920e-07
3.570000000000000284e+01 5.570928899999999692e-07
3.579999999999999716e+01 8.744858400000001471e-07
3.589999999999999858e+01 1.716161700000000168e-06
3.600000000000000000e+01 1.133167999999999973e-06
3.610000000000000142e+01 2.269904499999999876e-06
3.620000000000000284e+01 1.264284000000000100e-06
3.629999999999999716e+01 2.031214100000000038e-06
3.639999999999999858e+01 7.753632800000000158e-07
3.650000000000000000e+01 1.754586299999999962e-06
3.660000000000000142e+01 1.808165200000000082e-06
3.670000000000000284e+01 1.520310200000000235e-06
3.679999999999999716e+01 2.231647700000000182e-06
3.689999999999999858e+01 1.344896200000000012e-06
3.700000000000000000e+01 2.312337300000000071e-06
3.710000000000000142e+01 2.304300700000000111e-06
3.720000000000000284e+01 5.254018000000000083e-06
3.729999999999999716e+01 3.617464100000000309e-06
3.739999999999999858e+01 9.781948199999999824e-06
3.750000000000000000e+01 7.956526100000000203e-06
3.760000000000000142e+01 1.987712299999999939e-05
3.770000000000000284e+01 1.832348500000000063e-05
3.779999999999999716e+01 4.525412699999999811e-05
3.789999999999999858e+01 5.279158200000000876e-05
3.800000000000000000e+01 1.078589200000000065e-04
3.810000000000000142e+01 1.232945500000000002e-04
3.820000000000000284e+01 2.470594300000000104e-04
3.829999999999999716e+01 4.033300300000000724e-04
3.839999999999999858e+01 6.524388099999999923e-04
3.850000000000000000e+01 1.251589499999999954e-03
3.860000000000000142e+01 1.343855400000000056e-03
3.870000000000000284e+01 3.465460599999999839e-03
3.879999999999999716e+01 2.822429799999999836e-03
3.889999999999999858e+01 8.921834800000000287e-03
3.900000000000000000e+01 7.014969099999999839e-03
3.910000000000000142e+01 1.897411499999999973e-02
3.920000000000000284e+01 2.186910600000000274e-02
3.929999999999999716e+01 4.283393200000000511e-02
3.939999999999999858e+01 9.876502300000000734e-02
3.950000000000000000e+01 1.011061699999999952e-01
3.960000000000000142e+01 2.030306300000000175e-01
3.970000000000000284e+01 1.274644200000000227e-01
3.979999999999999716e+01 1.764041700000000268e-01
3.989999999999999858e+01 1.168212000000000139e-01
4.000000000000000000e+01 9.790705399999999337e-02
4.010000000000000142e+01 1.091693799999999964e-01
4.020000000000000284e+01 5.777153799999999728e-02
4.029999999999999716e+01 7.495823999999999543e-02
4.039999999999999858e+01 4.445181399999999922e-02
4.050000000000000000e+01 4.582944700000000232e-02
4.060000000000000142e+01 5.909969700000000659e-02
4.070000000000000284e+01 3.022214499999999887e-02
4.079999999999999716e+01 5.484777300000000244e-02
4.089999999999999858e+01 2.665998200000000221e-02
4.100000000000000000e+01 3.356861600000000251e-02
4.110000000000000142e+01 4.582269000000000619e-02
4.120000000000000284e+01 2.649839600000000392e-02
4.129999999999999716e+01 4.912271199999999893e-02
4.139999999999999858e+01 3.693387500000000490e-02
4.150000000000000000e+01 3.322825699999999716e-02
4.160000000000000142e+01 7.712443099999999330e-02
4.170000000000000284e+01 3.628762499999999697e-02
4.179999999999999716e+01 6.529352000000000766e-02
4.189999999999999858e+01 8.108163499999999912e-02
4.200000000000000000e+01 5.530323500000000614e-02
4.210000000000000142e+01 1.307336600000000293e-01
4.220000000000000284e+01 1.069821200000000139e-01
4.229999999999999716e+01 1.012555000000000122e-01
4.239999999999999858e+01 2.585331200000000051e-01
4.250000000000000000e+01 1.571394900000000205e-01
4.260000000000000142e+01 1.977288899999999905e-01
4.270000000000000284e+01 3.170072299999999732e-01
4.279999999999999716e+01 2.038686000000000387e-01
4.289999999999999858e+01 2.217302399999999951e-01
4.300000000000000000e+01 2.063834499999999961e-01
4.310000000000000142e+01 1.194562800000000119e-01
4.320000000000000284e+01 1.414251599999999942e-01
4.329999999999999716e+01 1.284455300000000022e-01
4.339999999999999858e+01 7.649133000000001015e-02
4.350000000000000000e+01 8.500308900000000389e-02
4.360000000000000142e+01 8.733108900000001451e-02
4.370000000000000284e+01 6.195768600000000487e-02
4.379999999999999716e+01 9.890002900000001429e-02
4.389999999999999858e+01 8.967502200000000701e-02
4.400000000000000000e+01 6.639270300000001124e-02
4.410000000000000142e+01 9.328441399999999606e-02
4.420000000000000284e+01 9.944783499999999832e-02
4.429999999999999716e+01 8.074632600000000715e-02
4.439999999999999858e+01 1.243314100000000033e-01
4.450000000000000000e+01 1.471902999999999961e-01
4.460000000000000142e+01 8.574040400000000617e-02
4.470000000000000284e+01 1.162798300000000007e-01
4.479999999999999716e+01 1.478807100000000263e-01
4.489999999999999858e+01 1.117716900000000069e-01
4.500000000000000000e+01 1.389924999999999911e-01
4.510000000000000142e+01 1.727523700000000162e-01
4.520000000000000284e+01 1.186315599999999970e-01
4.529999999999999716e+01 1.368474799999999936e-01
4.539999999999999858e+01 2.332686800000000338e-01
4.550000000000000000e+01 1.678169899999999992e-01
4.560000000000000142e+01 1.560953900000000005e-01
4.570000000000000284e+01 2.175507600000000097e-01
4.579999999999999716e+01 1.831586500000000339e-01
4.589999999999999858e+01 1.333339600000000014e-01
4.600000000000000000e+01 1.576522400000000268e-01
4.610000000000000142e+01 1.574487199999999865e-01
4.620000000000000284e+01 1.025327300000000025e-01
4.629999999999999716e+01 1.115831099999999992e-01
4.639999999999999858e+01 1.273885299999999998e-01
4.650000000000000000e+01 8.450587900000000596e-02
4.660000000000000142e+01 6.625546899999999739e-02
4.670000000000000284e+01 9.421530200000000077e-02
4.679999999999999716e+01 8.317243200000000447e-02
4.689999999999999858e+01 5.949450000000000571e-02
4.700000000000000000e+01 6.590606700000001261e-02
4.710000000000000142e+01 8.792649600000000676e-02
4.720000000000000284e+01 5.510048099999999976e-02
4.729999999999999716e+01 5.203520899999999894e-02
4.739999999999999858e+01 8.563223400000000152e-02
4.750000000000000000e+01 7.195197899999999924e-02
4.760000000000000142e+01 4.989563600000000709e-02
4.770000000000000284e+01 6.154816199999999654e-02
4.779999999999999716e+01 8.730792500000000844e-02
4.789999999999999858e+01 5.233720700000000364e-02
4.800000000000000000e+01 4.376101799999999875e-02
4.810000000000000142e+01 6.861466800000000366e-02
4.820000000000000284e+01 7.291996100000001924e-02
4.829999999999999716e+01 4.632311000000000761e-02
4.839999999999999858e+01 4.455383999999999733e-02
4.850000000000000000e+01 7.271482499999999682e-02
4.860000000000000142e+01 4.770024099999999739e-02
4.870000000000000284e+01 3.078389700000000451e-02
4.879999999999999716e+01 3.449066700000000263e-02
4.889999999999999858e+01 5.109707700000000463e-02
4.900000000000000000e+01 2.674923400000000021e-02
4.910000000000000142e+01 1.811708500000000152e-02
4.920000000000000284e+01 2.700472199999999837e-02
4.929999999999999716e+01 3.337464300000000245e-02
4.939999999999999858e+01 1.475804799999999931e-02
4.950000000000000000e+01 1.154182500000000208e-02
4.960000000000000142e+01 1.848887399999999889e-02
4.970000000000000284e+01 1.621847300000000061e-02
4.979999999999999716e+01 7.729069800000001010e-03
4.989999999999999858e+01 5.216505400000000757e-03
