2.119999999999999929e+01 3.138957400000000301e-07
2.130000000000000071e+01 5.590839900000001279e-07
2.139999999999999858e+01 1.153528500000000098e-06
2.150000000000000000e+01 1.315634200000000130e-06
2.160000000000000142e+01 1.822735799999999986e-06
2.169999999999999929e+01 2.707535300000000060e-06
2.180000000000000071e+01 3.858015000000000364e-06
2.189999999999999858e+01 5.194757800000000030e-06
2.200000000000000000e+01 5.546000399999999682e-06
2.210000000000000142e+01 1.057103100000000074e-05
2.219999999999999929e+01 1.532186400000000472e-05
2.230000000000000071e+01 3.107960100000000926e-05
2.239999999999999858e+01 2.355814900000000137e-05
2.250000000000000000e+01 5.328712500000000864e-05
2.260000000000000142e+01 8.385832000000000453e-05
2.269999999999999929e+01 1.496707900000000368e-04
2.280000000000000071e+01 2.664936700000000041e-04
2.289999999999999858e+01 3.249479200000000281e-04
2.300000000000000000e+01 3.638984500000000768e-04
2.310000000000000142e+01 5.466455100000001390e-04
2.319999999999999929e+01 5.219979300000000344e-04
2.330000000000000071e+01 7.077754699999999708e-04
2.339999999999999858e+01 1.618264199999999969e-03
2.350000000000000000e+01 1.712434199999999943e-03
2.360000000000000142e+01 2.539171000000000223e-03
2.369999999999999929e+01 5.870234700000000021e-03
2.380000000000000071e+01 1.004109000000000078e-02
2.389999999999999858e+01 1.051506999999999963e-02
2.400000000000000000e+01 2.734352300000000499e-02
2.410000000000000142e+01 2.876489299999999971e-02
2.419999999999999929e+01 3.407618600000000136e-02
2.430000000000000071e+01 3.193065600000000170e-02
2.439999999999999858e+01 2.816215700000000016e-02
2.450000000000000000e+01 3.640370400000000201e-02
2.460000000000000142e+01 5.338653000000000148e-02
2.469999999999999929e+01 6.539838600000000279e-02
2.480000000000000071e+01 8.194068000000000185e-02
2.489999999999999858e+01 9.026293900000000037e-02
2.500000000000000000e+01 8.361921999999999411e-02
2.510000000000000142e+01 6.636645800000000317e-02
2.519999999999999929e+01 7.106615500000001973e-02
2.530000000000000071e+01 7.309111799999999659e-02
2.539999999999999858e+01 7.546918000000001070e-02
2.550000000000000000e+01 8.279797900000000765e-02
2.560000000000000142e+01 1.095509300000000047e-01
2.569999999999999929e+01 1.154149200000000181e-01
2.580000000000000071e+01 9.933837500000002041e-02
2.589999999999999858e+01 9.973915599999999548e-02
2.600000000000000000e+01 1.104963600000000157e-01
2.610000000000000142e+01 1.085248199999999941e-01
2.619999999999999929e+01 9.584811600000001097e-02
2.630000000000000071e+01 1.017405000000000115e-01
2.639999999999999858e+01 9.378884799999999411e-02
2.650000000000000000e+01 1.004466700000000018e-01
2.660000000000000142e+01 1.316982300000000272e-01
2.669999999999999929e+01 1.389355900000000255e-01
2.680000000000000071e+01 1.435293099999999933e-01
2.689999999999999858e+01 2.265602200000000066e-01
2.700000000000000000e+01 2.641527300000000023e-01
2.710000000000000142e+01 2.375752600000000381e-01
2.719999999999999929e+01 3.155727600000000077e-01
2.730000000000000071e+01 3.605269400000000735e-01
2.739999999999999858e+01 2.760906799999999772e-01
2.750000000000000000e+01 3.211077500000000251e-01
2.760000000000000142e+01 3.286927800000000732e-01
2.769999999999999929e+01 2.375588399999999933e-01
2.780000000000000071e+01 2.553233799999999887e-01
2.789999999999999858e+01 2.100868800000000314e-01
2.800000000000000000e+01 1.764150300000000005e-01
2.810000000000000142e+01 1.976208399999999921e-01
2.819999999999999929e+01 1.215284900000000168e-01
2.830000000000000071e+01 1.249927700000000030e-01
2.839999999999999858e+01 1.009893199999999935e-01
2.850000000000000000e+01 7.412476299999999629e-02
2.860000000000000142e+01 8.218331199999999448e-02
2.869999999999999929e+01 5.292446800000000229e-02
2.880000000000000071e+01 6.367322000000000259e-02
2.889999999999999858e+01 4.274377900000000258e-02
2.900000000000000000e+01 5.616217600000000809e-02
2.910000000000000142e+01 5.290516299999999811e-02
2.919999999999999929e+01 5.875757000000000202e-02
2.930000000000000071e+01 6.834017200000001846e-02
2.939999999999999858e+01 6.635102499999999404e-02
2.950000000000000000e+01 9.561413900000001465e-02
2.960000000000000142e+01 8.355209900000001855e-02
2.969999999999999929e+01 1.032129299999999944e-01
2.980000000000000071e+01 8.904391899999999915e-02
2.989999999999999858e+01 1.076645100000000049e-01
3.000000000000000000e+01 9.208536500000000236e-02
3.010000000000000142e+01 1.145674100000000084e-01
3.019999999999999929e+01 8.971343000000001067e-02
3.030000000000000071e+01 1.180181599999999970e-01
3.039999999999999858e+01 9.948125300000000559e-02
3.050000000000000000e+01 1.134229300000000190e-01
3.060000000000000142e+01 1.195395000000000069e-01
3.069999999999999929e+01 1.206750500000000198e-01
3.080000000000000071e+01 1.272049299999999938e-01
3.089999999999999858e+01 1.100452600000000197e-01
3.100000000000000000e+01 1.475211700000000070e-01
3.110000000000000142e+01 8.929588199999999309e-02
3.119999999999999929e+01 1.167183299999999951e-01
3.130000000000000071e+01 6.849141799999999836e-02
3.139999999999999858e+01 9.696840700000000646e-02
3.150000000000000000e+01 6.381414800000000109e-02
3.160000000000000142e+01 6.710081199999999579e-02
3.169999999999999929e+01 7.311196500000001486e-02
3.180000000000000071e+01 4.488587799999999711e-02
3.189999999999999858e+01 7.547697100000000381e-02
3.200000000000000000e+01 4.152028700000000988e-02
3.210000000000000142e+01 5.692580100000000504e-02
3.220000000000000284e+01 4.179568500000000603e-02
3.229999999999999716e+01 3.318456700000000509e-02
3.239999999999999858e+01 5.623681600000000891e-02
3.250000000000000000e+01 2.732603900000000335e-02
3.260000000000000142e+01 4.482556900000000261e-02
3.270000000000000284e+01 3.406242000000000297e-02
3.279999999999999716e+01 3.068303299999999845e-02
3.289999999999999858e+01 5.554787200000000508e-02
3.300000000000000000e+01 2.854971400000000034e-02
3.310000000000000142e+01 3.957713700000000528e-02
3.320000000000000284e+01 4.147908699999999782e-02
3.329999999999999716e+01 2.528675799999999946e-02
3.339999999999999858e+01 4.930848900000000395e-02
3.350000000000000000e+01 2.293847500000000331e-02
3.360000000000000142e+01 2.077821100000000129e-02
3.370000000000000284e+01 3.199104800000000109e-02
3.379999999999999716e+01 1.322627699999999983e-02
3.389999999999999858e+01 1.669640500000000444e-02
3.400000000000000000e+01 2.021595299999999831e-02
3.410000000000000142e+01 8.415065500000000823e-03
3.420000000000000284e+01 1.303475599999999977e-02
3.429999999999999716e+01 9.237434500000000701e-03
3.439999999999999858e+01 4.523967799999999671e-03
3.450000000000000000e+01 6.403580200000000798e-03
3.460000000000000142e+01 3.374661700000000392e-03
3.470000000000000284e+01 1.810590300000000262e-03
3.479999999999999716e+01 2.764495700000000299e-03
3.489999999999999858e+01 1.097508700000000099e-03
3.500000000000000000e+01 3.818151300000000524e-04
3.510000000000000142e+01 6.217444499999999659e-04
3.520000000000000284e+01 3.033627300000000106e-04
3.529999999999999716e+01 1.477557299999999942e-04
3.539999999999999858e+01 2.513866200000000519e-04
3.550000000000000000e+01 1.509057300000000166e-04
3.560000000000000142e+01 6.689393800000000402e-05
3.570000000000000284e+01 1.081276600000000089e-04
3.579999999999999716e+01 7.930278500000001495e-05
3.589999999999999858e+01 3.166053300000000318e-05
3.600000000000000000e+01 3.790042799999999708e-05
3.610000000000000142e+01 3.836452099999999914e-05
3.620000000000000284e+01 2.008282999999999894e-05
3.629999999999999716e+01 2.590117300000000146e-05
3.639999999999999858e+01 2.507106600000000497e-05
3.650000000000000000e+01 1.455302799999999933e-05
3.660000000000000142e+01 1.206497399999999939e-05
3.670000000000000284e+01 2.015257200000000089e-05
3.679999999999999716e+01 1.206174700000000031e-05
3.689999999999999858e+01 8.710192899999999287e-06
3.700000000000000000e+01 1.413727200000000107e-05
3.710000000000000142e+01 1.281933200000000197e-05
3.720000000000000284e+01 6.190929100000000411e-06
3.729999999999999716e+01 8.857668700000001993e-06
3.739999999999999858e+01 9.386413900000000482e-06
3.750000000000000000e+01 4.673875799999999721e-06
3.760000000000000142e+01 3.054419900000000541e-06
3.770000000000000284e+01 5.520009700000000547e-06
3.779999999999999716e+01 3.269324899999999883e-06
3.789999999999999858e+01 2.259282100000000410e-06
3.800000000000000000e+01 2.887423800000000447e-06
3.810000000000000142e+01 2.943541300000000169e-06
3.820000000000000284e+01 1.745953400000000039e-06
3.829999999999999716e+01 1.149162500000000070e-06
3.839999999999999858e+01 1.795573100000000264e-06
3.850000000000000000e+01 1.413060499999999936e-06
3.860000000000000142e+01 1.000150400000000041e-06
3.870000000000000284e+01 9.942776299999999064e-07
3.879999999999999716e+01 1.100954699999999918e-06
3.889999999999999858e+01 9.035491999999999710e-07
3.900000000000000000e+01 5.223319500000001312e-07
3.910000000000000142e+01 6.361800699999999591e-07
3.920000000000000284e+01 7.555514900000000176e-07
3.929999999999999716e+01 2.620917600000000181e-07
3.939999999999999858e+01 1.751244199999999886e-07
3.950000000000000000e+01 2.937180800000000355e-07
3.960000000000000142e+01 1.939785500000000016e-07
3.970000000000000284e+01 3.938306600000000384e-08
3.979999999999999716e+01 1.371472300000000175e-08
3.989999999999999858e+01 2.172295400000000059e-08
