5.739999999999999858e+01 8.126915800000000453e-03
5.750000000000000000e+01 9.637838600000002073e-03
5.760000000000000142e+01 1.114745100000000093e-02
5.770000000000000284e+01 1.330119000000000093e-02
5.779999999999999716e+01 1.477958600000000254e-02
5.789999999999999858e+01 1.771472600000000008e-02
5.800000000000000000e+01 1.673042700000000257e-02
5.810000000000000142e+01 1.814966300000000338e-02
5.820000000000000284e+01 1.922805699999999979e-02
5.829999999999999716e+01 2.046766699999999842e-02
5.839999999999999858e+01 1.980493500000000268e-02
5.850000000000000000e+01 1.655574300000000471e-02
5.860000000000000142e+01 1.827583100000000280e-02
5.870000000000000284e+01 1.445382800000000016e-02
5.879999999999999716e+01 1.197873699999999972e-02
5.889999999999999858e+01 1.237016700000000136e-02
5.900000000000000000e+01 1.122340300000000159e-02
5.910000000000000142e+01 1.242191200000000023e-02
5.920000000000000284e+01 1.388452200000000157e-02
5.929999999999999716e+01 1.301496700000000228e-02
5.939999999999999858e+01 1.157477900000000032e-02
5.950000000000000000e+01 1.255439499999999944e-02
5.960000000000000142e+01 1.152824300000000225e-02
5.970000000000000284e+01 9.490143200000000431e-03
5.979999999999999716e+01 9.824045900000001608e-03
5.989999999999999858e+01 8.478895199999999382e-03
6.000000000000000000e+01 6.502384500000000546e-03
6.010000000000000142e+01 5.928953399999999964e-03
6.020000000000000284e+01 5.501140800000000990e-03
6.029999999999999716e+01 4.915613000000000100e-03
6.039999999999999858e+01 4.435689100000000940e-03
6.050000000000000000e+01 4.291131800000000385e-03
6.060000000000000142e+01 4.792805699999999614e-03
6.070000000000000284e+01 4.943829000000000279e-03
6.079999999999999716e+01 4.618266700000000016e-03
6.089999999999999858e+01 4.812429800000000285e-03
6.100000000000000000e+01 5.393723900000000314e-03
6.110000000000000142e+01 6.070895000000000631e-03
6.120000000000000284e+01 7.273108100000000818e-03
6.129999999999999716e+01 8.812790399999999302e-03
6.139999999999999858e+01 1.105352200000000139e-02
6.150000000000000000e+01 1.518341200000000203e-02
6.160000000000000142e+01 2.174494500000000163e-02
6.170000000000000284e+01 2.675893999999999842e-02
6.179999999999999716e+01 3.210322499999999912e-02
6.189999999999999858e+01 3.823424700000000592e-02
6.200000000000000000e+01 4.308593899999999671e-02
6.210000000000000142e+01 4.995224000000000886e-02
6.220000000000000284e+01 5.968668300000000426e-02
6.229999999999999716e+01 6.556147700000000689e-02
6.239999999999999858e+01 6.779398500000000105e-02
6.250000000000000000e+01 6.563602100000000272e-02
6.260000000000000142e+01 6.129309100000000787e-02
6.270000000000000284e+01 5.533107899999999829e-02
6.279999999999999716e+01 5.297392600000000451e-02
6.289999999999999858e+01 5.273156600000000055e-02
6.300000000000000000e+01 5.329446899999999709e-02
6.310000000000000142e+01 5.342406200000000827e-02
6.320000000000000284e+01 5.510071799999999992e-02
6.329999999999999716e+01 5.760591500000000059e-02
6.339999999999999858e+01 5.694676800000000177e-02
6.350000000000000000e+01 5.517302700000000643e-02
6.360000000000000142e+01 5.353310199999999908e-02
6.370000000000000284e+01 5.149190600000000395e-02
6.379999999999999716e+01 4.802941100000000102e-02
6.389999999999999858e+01 4.530019700000000732e-02
6.400000000000000000e+01 4.816579900000000219e-02
6.409999999999999432e+01 5.026161200000000412e-02
6.420000000000000284e+01 5.013693200000000905e-02
6.429999999999999716e+01 5.130490200000000639e-02
6.440000000000000568e+01 5.310266999999999765e-02
6.450000000000000000e+01 5.467079800000000656e-02
6.459999999999999432e+01 5.256042300000000195e-02
6.470000000000000284e+01 4.945513499999999729e-02
6.479999999999999716e+01 5.066928999999999877e-02
6.490000000000000568e+01 5.189301400000000120e-02
6.500000000000000000e+01 5.218626999999999988e-02
6.509999999999999432e+01 5.041758300000000886e-02
6.520000000000000284e+01 4.882873499999999811e-02
6.529999999999999716e+01 4.939381100000000274e-02
6.540000000000000568e+01 4.963097200000000930e-02
6.550000000000000000e+01 4.907493600000000650e-02
6.559999999999999432e+01 4.775694000000000466e-02
6.570000000000000284e+01 4.664030900000000479e-02
6.579999999999999716e+01 4.752358200000000865e-02
6.590000000000000568e+01 4.808417499999999983e-02
6.600000000000000000e+01 4.622162400000000282e-02
6.609999999999999432e+01 4.287163599999999769e-02
6.620000000000000284e+01 3.957081800000000760e-02
6.629999999999999716e+01 3.828585200000000910e-02
6.640000000000000568e+01 3.820581300000000513e-02
6.650000000000000000e+01 3.713070899999999785e-02
6.659999999999999432e+01 3.635987400000000036e-02
6.670000000000000284e+01 3.585412900000000541e-02
6.679999999999999716e+01 3.599604599999999682e-02
6.690000000000000568e+01 3.793521100000001034e-02
6.700000000000000000e+01 3.826589200000000968e-02
6.709999999999999432e+01 3.683975999999999917e-02
6.720000000000000284e+01 3.607840999999999826e-02
6.729999999999999716e+01 3.803312400000000149e-02
6.740000000000000568e+01 4.201592600000000899e-02
6.750000000000000000e+01 4.427527199999999746e-02
6.759999999999999432e+01 4.368205900000000225e-02
6.770000000000000284e+01 4.392175599999999930e-02
6.779999999999999716e+01 4.246251100000000139e-02
6.790000000000000568e+01 3.891758399999999812e-02
6.800000000000000000e+01 3.798259100000000305e-02
6.809999999999999432e+01 3.572888600000000831e-02
6.820000000000000284e+01 3.455574299999999988e-02
6.829999999999999716e+01 3.398660199999999770e-02
6.840000000000000568e+01 3.254280100000000314e-02
6.850000000000000000e+01 3.483626100000000031e-02
6.859999999999999432e+01 3.749891000000000335e-02
6.870000000000000284e+01 3.927198099999999747e-02
6.879999999999999716e+01 4.084781299999999671e-02
6.890000000000000568e+01 4.105112300000000186e-02
6.900000000000000000e+01 3.951935499999999907e-02
6.909999999999999432e+01 3.746514699999999726e-02
6.920000000000000284e+01 3.627608100000000169e-02
6.929999999999999716e+01 3.765567499999999956e-02
6.940000000000000568e+01 4.177004600000000512e-02
6.950000000000000000e+01 4.723402900000000376e-02
6.959999999999999432e+01 5.051357000000000069e-02
6.970000000000000284e+01 5.044973199999999713e-02
6.979999999999999716e+01 4.932961899999999816e-02
6.990000000000000568e+01 4.830693000000000487e-02
7.000000000000000000e+01 4.835767500000000274e-02
7.009999999999999432e+01 5.250651900000000150e-02
7.020000000000000284e+01 5.933101200000000935e-02
7.029999999999999716e+01 6.445961899999999578e-02
7.040000000000000568e+01 6.706923200000002028e-02
7.050000000000000000e+01 6.966276600000000097e-02
7.059999999999999432e+01 6.302725500000001813e-02
7.070000000000000284e+01 5.796351600000000659e-02
7.079999999999999716e+01 6.481803400000001047e-02
7.090000000000000568e+01 7.705805800000001260e-02
7.100000000000000000e+01 8.210448700000000377e-02
7.109999999999999432e+01 8.151999499999999788e-02
7.120000000000000284e+01 7.719668100000000310e-02
7.129999999999999716e+01 6.955238199999999593e-02
7.140000000000000568e+01 6.421272399999999880e-02
7.150000000000000000e+01 6.885189900000000807e-02
7.159999999999999432e+01 7.929602400000000662e-02
7.170000000000000284e+01 8.614977799999999630e-02
7.179999999999999716e+01 8.035095300000001661e-02
7.190000000000000568e+01 7.173615299999999695e-02
7.200000000000000000e+01 6.955781799999999349e-02
7.209999999999999432e+01 7.266170199999999468e-02
7.220000000000000284e+01 7.891038699999999850e-02
7.229999999999999716e+01 7.689378700000001898e-02
7.240000000000000568e+01 6.564454200000000017e-02
7.250000000000000000e+01 6.037653899999999990e-02
7.259999999999999432e+01 6.534037400000000662e-02
7.270000000000000284e+01 7.485659399999999852e-02
7.279999999999999716e+01 7.841603399999999557e-02
7.290000000000000568e+01 7.567112800000001804e-02
7.300000000000000000e+01 6.549094399999999538e-02
7.309999999999999432e+01 6.411859200000000203e-02
7.320000000000000284e+01 7.462781100000000223e-02
7.329999999999999716e+01 8.382221600000001882e-02
7.340000000000000568e+01 7.573960000000000414e-02
7.350000000000000000e+01 6.510755999999999488e-02
7.359999999999999432e+01 6.926444500000000781e-02
7.370000000000000284e+01 8.129396899999999371e-02
7.379999999999999716e+01 7.940954000000000068e-02
7.390000000000000568e+01 6.608806000000000402e-02
7.400000000000000000e+01 6.254363899999999810e-02
7.409999999999999432e+01 6.883062800000000481e-02
7.420000000000000284e+01 7.701575300000000623e-02
7.429999999999999716e+01 7.217419199999999813e-02
7.440000000000000568e+01 6.175656799999999780e-02
7.450000000000000000e+01 6.051453100000000335e-02
7.459999999999999432e+01 6.742826700000001394e-02
7.470000000000000284e+01 6.561281600000000436e-02
7.479999999999999716e+01 5.269038600000000572e-02
7.490000000000000568e+01 4.897545900000000590e-02
7.500000000000000000e+01 5.955371200000000170e-02
7.509999999999999432e+01 6.663687999999999556e-02
7.520000000000000284e+01 5.503182000000000906e-02
7.529999999999999716e+01 4.758399200000000551e-02
7.540000000000000568e+01 5.122095800000000393e-02
7.550000000000000000e+01 6.175810400000000810e-02
7.559999999999999432e+01 5.867030200000000750e-02
7.570000000000000284e+01 4.825040099999999832e-02
7.579999999999999716e+01 4.874668100000000004e-02
7.590000000000000568e+01 5.845658499999999841e-02
7.600000000000000000e+01 5.210183799999999754e-02
7.609999999999999432e+01 3.990236700000000108e-02
7.620000000000000284e+01 4.254021899999999717e-02
7.629999999999999716e+01 5.288494800000000107e-02
7.640000000000000568e+01 4.151094100000000953e-02
7.650000000000000000e+01 3.265009399999999756e-02
7.659999999999999432e+01 3.679251499999999786e-02
7.670000000000000284e+01 4.464822200000000130e-02
7.679999999999999716e+01 3.769153900000000307e-02
7.690000000000000568e+01 3.234987100000000920e-02
7.700000000000000000e+01 3.710543899999999701e-02
7.709999999999999432e+01 4.015511599999999764e-02
7.720000000000000284e+01 3.158837200000001039e-02
7.729999999999999716e+01 2.760068200000000138e-02
7.740000000000000568e+01 3.126422900000000449e-02
7.750000000000000000e+01 3.120524300000000056e-02
7.759999999999999432e+01 2.701570699999999992e-02
7.770000000000000284e+01 2.766527400000000358e-02
7.779999999999999716e+01 3.269671100000000330e-02
7.790000000000000568e+01 3.229986299999999810e-02
7.800000000000000000e+01 2.588201199999999938e-02
7.809999999999999432e+01 2.804973300000000377e-02
7.820000000000000284e+01 3.384052600000000272e-02
7.829999999999999716e+01 2.894213100000000288e-02
7.840000000000000568e+01 2.991037700000000188e-02
7.850000000000000000e+01 3.559166400000000896e-02
7.859999999999999432e+01 3.742884800000000067e-02
7.870000000000000284e+01 3.431255100000000363e-02
7.879999999999999716e+01 3.693887900000000085e-02
7.890000000000000568e+01 4.033069599999999921e-02
7.900000000000000000e+01 3.271894600000000569e-02
7.909999999999999432e+01 3.435342999999999730e-02
7.920000000000000284e+01 5.268889999999999685e-02
7.929999999999999716e+01 4.314284000000000174e-02
7.940000000000000568e+01 2.948604400000000292e-02
7.950000000000000000e+01 3.516658200000000178e-02
7.959999999999999432e+01 3.595592300000000074e-02
7.970000000000000284e+01 2.477260700000000204e-02
7.979999999999999716e+01 2.405902100000000335e-02
7.990000000000000568e+01 3.245662800000000126e-02
8.000000000000000000e+01 2.898804599999999995e-02
8.009999999999999432e+01 2.345970600000000031e-02
8.020000000000000284e+01 2.516748300000000438e-02
8.029999999999999716e+01 2.029657799999999915e-02
8.040000000000000568e+01 1.292269200000000125e-02
8.050000000000000000e+01 1.179375300000000230e-02
8.059999999999999432e+01 1.873682299999999967e-02
8.070000000000000284e+01 1.501813500000000016e-02
8.079999999999999716e+01 8.634682100000002497e-03
8.090000000000000568e+01 9.701919700000000493e-03
8.100000000000000000e+01 9.445560699999999352e-03
8.109999999999999432e+01 8.065165900000000748e-03
8.120000000000000284e+01 1.272251900000000158e-02
8.129999999999999716e+01 1.737758700000000336e-02
8.140000000000000568e+01 8.829417600000000199e-03
8.150000000000000000e+01 6.834043899999999588e-03
8.159999999999999432e+01 3.761479700000000537e-03
8.170000000000000284e+01 5.528268799999999650e-03
8.179999999999999716e+01 1.446530199999999933e-02
8.190000000000000568e+01 4.630728199999999822e-03
8.200000000000000000e+01 3.664241099999999973e-03
8.209999999999999432e+01 4.771026900000001000e-03
8.220000000000000284e+01 4.777131200000000501e-03
8.229999999999999716e+01 5.858455300000000796e-03
8.240000000000000568e+01 6.815232200000000129e-03
